750
432
783 789
932
490
516
155
957 989
436
82
523 525
747
927
726
651
408 415
998
117 129
920 928
7 985
211
528 543
285
423 445
206
276
4
984
678
487
775 811
424
876
65 982
278
779
566
961 983
106 115
263 264
988
856
813
399 404
756
163 170
967
489
246
851
810
965
108
850
606
973
480
495 545
703
845
30
392
583 586
213
918
499 536
936
294
126
517
134 232
700 750
670
314
349
574 610
222 254
413
891
711 760
739
202
329
508
145 148
922
442
990
666 687
560
599 601
521
240
275
532
330
900
150
993
881
209
652 658
224 272
952
707
629 710
168
614
355
22
709
802 826
544 582
418 420
527
806 858
223
557
320
751 784
123
183 189
375
142
458
848 862
483 538
372 389
494
791
867 880
892 904
25
498
23
832
571
604 697
505
171
114
221
828
773
842 854
378
245 253
972
265 292
425 453
175
768
478
1 38
473
54 55
704 717
953 974
680
542
804
358
226
638 661
901
882 933
39
963
2
261
262
109 119
509
360 367
32 45
461
592
879
225 247
368
776
755
459 462
373 393
644 654
151 154
201 244
713
630
290 340
650
57
607
282
824
113
87 118
49
659
966 997
255
20
777
167
98 105
633 637
725
875
937
184 205
780
597
800
422
653
568
279
141
110
888
948 954
744
269
308 319
705
369 384
947 969
310
270 336
176 186
447
915
137
204
91
999
463
231
692
561
440
677 699
260 286
766 801
513 559
573 584
897
640
551
73 100
452
90
122
133
866
84
327
331 346
187
715 736
309
371
337 351
664
820
539
556
722 797
35
44
157 158
43
431
298 322
694
412
397
846
335
235 251
611
529 535
673
496 502
861
589
476 482
376 466
555
71
486
180
313
727 771
26
230
622
745 838
908
99
587 590
295
317
887
623 625
484
902 910
827
74
468
949
443
190
921 944
617
939
537
931 950
333
774 794
303
76
748
299
807 825
280
992 994
647
565 569
359
898 911
843
316
218
439 448
88
236
737
864
37 62
401
758
819 835
767
300
47 56
503
591 596
479 493
172 227
889
628
130 135
511 608
470 472
772
714
111
522 554
798 815
749
778
77 96
781
293
446 450
675 702
69 70
575
907
530 546
31 33
467 477
844
765
823
481
742
708
977
11 27
156 196
549 553
179
975 980
960
674 684
75
534
914
616 620
160
946 981
63
728
342 345
97 103
315
686 701
166 174
194
541
147 152
402 403
182
578 581
267 289
131 138
379
52 89
940
169 173
829 869
723
273
834 836
304
655
370
685 712
149
672
987
153 181
716 754
531
895 996
746
632 634
357
50 53
718 721
5
92 95
185
365
563 572
519 526
769
417
48 66
64
361
753 763
386 391
161 164
328 377
281 332
454
603
657
621 671
886 930
8
121
457
61
870
321
576
792
381
306
729
407
945
350
318
979
841 847
510
46
128
78
86 120
894
533
540
646
923
720
935 991
641
925
730
732 782
816
394
338 344
341
855
821
220
619 635
287
29
681
9 16
58 59
951
929 962
15
429 465
356 374
627
51
909
649
311 400
550
434
41 81
547
13 978
643
210
613 626
943
762
624
352
326
353
934
471 512
283
683
188
146
504 518
214
492
343
552
162 207
857 874
570
562
193
366 383
878
501
830
833 913
385 433
793
274 291
93
390
738 764
256
577
695
68 102
405
600 602
474
17
195
740
325 364
284
724
665 682
971
451
593
307 323
430
615
215 216
916 938
837
912 919
924
690 696
871
266
814 818
143
347
398
124 127
786
426
688
34
165
757
663 676
243 250
21 28
785
10
192 238
612
217
469
849
6
585
112
955
548 567
395 411
437
296 396
178
787
414 416
839 877
852
906
645
500
805
197
956
382
884 885
435 438
788
252
698 706
594
639
60 72
636 660
203
790 817
19 125
609 631
24
242
970
648
719
926
257 387
302
288
139 237
860
761 795
995
339 354
80 85
485 488
3 968
689
808
564 580
406 427
731
831
419 428
741 752
899 905
759 770
515
248
249 258
868
277
409 410
42
520
662 796
872 883
233
140
691
455 456
199 239
67 83
460 475
136
101
271 305
464
40
388
198
348
506
656
734
822
799 893
863 873
107
324
865
421
268
579 588
12
212
441
363
803
667 669
14
595
200 228
964
735
642
986 1000
259
334
177
514 618
229
809 859
679
958 959
976
853
890
234
840
497 524
94 116
941 942
812
104
558
896
598
743
297
693
36
362
132 159
605
312
18
191 208
444 491
668
241
449
507
79
144 219
733
301
903 917
380
