750
999
998
995
993
990
988
987
984
979
977
976
973
972
971
970
967
965
964
963
960
956
955
952
951
949
945
943
940
939
937
936
934
932
927
926
925
924
923
922
918
915
914
909
908
907
906
901
900
897
896
894
891
890
889
888
887
881
879
878
876
875
871
870
868
866
865
864
861
860
856
855
853
852
851
850
849
846
845
844
843
840
837
832
831
830
828
827
824
823
822
821
820
816
813
812
810
808
805
804
803
800
793
792
791
788
787
786
785
781
780
779
778
777
776
773
772
769
768
767
765
762
758
757
756
755
749
748
747
746
744
743
742
740
739
737
735
734
733
731
730
729
728
726
725
724
723
720
719
714
713
709
708
707
705
703
695
694
693
692
691
689
688
683
681
680
679
678
673
672
670
668
664
659
657
656
655
653
651
650
649
648
647
646
645
643
642
641
640
639
630
628
627
624
622
617
615
614
612
611
607
606
605
603
598
597
595
594
593
592
589
585
577
576
575
571
570
568
566
562
561
560
558
557
556
555
552
551
550
547
542
541
540
539
537
534
533
532
531
527
521
520
517
516
515
510
509
508
507
506
505
503
501
500
498
494
492
490
489
487
486
484
481
480
478
474
473
469
468
464
463
461
458
457
454
452
451
449
447
443
442
441
440
437
436
434
432
431
430
426
424
422
421
417
413
412
407
405
401
398
397
394
392
390
388
382
381
380
379
378
375
371
370
368
365
363
362
361
359
358
357
355
353
352
350
349
348
347
343
341
335
334
333
330
329
327
326
324
321
320
318
317
316
315
314
313
312
310
309
306
304
303
302
301
300
299
297
295
294
293
288
287
285
284
283
282
280
279
278
277
276
275
273
269
268
266
262
261
259
256
255
252
248
246
242
241
240
236
234
233
231
230
229
226
223
221
220
218
217
214
213
212
211
210
209
206
204
203
202
198
197
195
194
193
190
188
187
185
182
180
179
178
177
175
171
168
167
165
160
155
150
149
146
143
142
141
140
137
136
133
128
126
123
122
121
114
113
112
111
110
108
107
104
101
99
93
91
90
88
84
82
79
78
76
75
74
71
64
63
61
57
51
49
46
44
43
42
40
39
36
35
34
30
29
26
25
24
23
22
20
18
17
15
14
12
10
8
6
5
4
2
986 1000
946 981
903 917
799 893
751 784
700 750
604 697
599 601
579 588
565 569
513 559
497 524
446 450
419 428
399 404
325 364
307 323
222 254
191 208
153 181
98 105
80 85
54 55
975 980
947 969
941 942
902 910
899 905
884 885
783 789
753 763
686 701
674 684
636 660
619 635
587 590
549 553
528 543
467 477
418 420
311 400
296 396
265 292
192 238
176 186
87 118
69 70
65 982
929 962
898 911
829 869
807 825
774 794
732 782
718 721
677 699
667 669
638 661
633 637
632 634
609 631
511 608
499 536
485 488
385 433
338 344
270 336
249 258
225 247
215 216
162 207
132 159
86 120
67 83
58 59
1 38
935 991
920 928
912 919
872 883
790 817
711 760
629 710
600 602
578 581
530 546
429 465
386 391
360 367
281 332
224 272
144 219
117 129
60 72
47 56
3 968
966 997
958 959
931 950
839 877
819 835
775 811
759 770
716 754
685 712
652 658
591 596
583 586
564 580
504 518
496 502
479 493
376 466
339 354
267 289
235 251
199 239
172 227
169 173
161 164
124 127
97 103
77 96
48 66
37 62
953 974
921 944
867 880
806 858
738 764
690 696
665 682
623 625
574 610
548 567
529 535
460 475
435 438
406 427
366 383
356 374
337 351
274 291
245 253
200 228
166 174
147 152
19 125
7 985
948 954
916 938
892 904
863 873
842 854
834 836
802 826
761 795
698 706
663 676
644 654
613 626
573 584
563 572
519 526
444 491
408 415
372 389
331 346
298 322
260 286
183 189
157 158
145 148
130 135
94 116
41 81
31 33
13 978
957 989
882 933
833 913
809 859
766 801
727 771
704 717
675 702
495 545
483 538
455 456
425 453
423 445
395 411
369 384
328 377
308 319
271 305
139 237
134 232
131 138
73 100
50 53
992 994
961 983
886 930
857 874
841 847
814 818
741 752
715 736
666 687
621 671
523 525
514 618
476 482
459 462
439 448
414 416
402 403
257 387
201 244
156 196
151 154
106 115
68 102
32 45
11 27
895 996
848 862
798 815
745 838
722 797
662 796
616 620
544 582
522 554
471 512
470 472
409 410
373 393
342 345
290 340
263 264
243 250
184 205
163 170
109 119
92 95
52 89
21 28
9 16
