750
9 16
21 28
52 89
92 95
109 119
163 170
184 205
243 250
263 264
290 340
342 345
373 393
409 410
470 472
471 512
522 554
544 582
616 620
662 796
722 797
745 838
798 815
848 862
895 996
11 27
32 45
68 102
106 115
151 154
156 196
201 244
257 387
402 403
414 416
439 448
459 462
476 482
514 618
523 525
621 671
666 687
715 736
741 752
814 818
841 847
857 874
886 930
961 983
992 994
50 53
73 100
131 138
134 232
139 237
271 305
308 319
328 377
369 384
395 411
423 445
425 453
455 456
483 538
495 545
675 702
704 717
727 771
766 801
809 859
833 913
882 933
957 989
13 978
31 33
41 81
94 116
130 135
145 148
157 158
183 189
260 286
298 322
331 346
372 389
408 415
444 491
519 526
563 572
573 584
613 626
644 654
663 676
698 706
761 795
802 826
834 836
842 854
863 873
892 904
916 938
948 954
7 985
19 125
147 152
166 174
200 228
245 253
274 291
337 351
356 374
366 383
406 427
435 438
460 475
529 535
548 567
574 610
623 625
665 682
690 696
738 764
806 858
867 880
921 944
953 974
37 62
48 66
77 96
97 103
124 127
161 164
169 173
172 227
199 239
235 251
267 289
339 354
376 466
479 493
496 502
504 518
564 580
583 586
591 596
652 658
685 712
716 754
759 770
775 811
819 835
839 877
931 950
958 959
966 997
3 968
47 56
60 72
117 129
144 219
224 272
281 332
360 367
386 391
429 465
530 546
578 581
600 602
629 710
711 760
790 817
872 883
912 919
920 928
935 991
1 38
58 59
67 83
86 120
132 159
162 207
215 216
225 247
249 258
270 336
338 344
385 433
485 488
499 536
511 608
609 631
632 634
633 637
638 661
667 669
677 699
718 721
732 782
774 794
807 825
829 869
898 911
929 962
65 982
69 70
87 118
176 186
192 238
265 292
296 396
311 400
418 420
467 477
528 543
549 553
587 590
619 635
636 660
674 684
686 701
753 763
783 789
884 885
899 905
902 910
941 942
947 969
975 980
54 55
80 85
98 105
153 181
191 208
222 254
307 323
325 364
399 404
419 428
446 450
497 524
513 559
565 569
579 588
599 601
604 697
700 750
751 784
799 893
903 917
946 981
986 1000
2
4
5
6
8
10
12
14
15
17
18
20
22
23
24
25
26
29
30
34
35
36
39
40
42
43
44
46
49
51
57
61
63
64
71
74
75
76
78
79
82
84
88
90
91
93
99
101
104
107
108
110
111
112
113
114
121
122
123
126
128
133
136
137
140
141
142
143
146
149
150
155
160
165
167
168
171
175
177
178
179
180
182
185
187
188
190
193
194
195
197
198
202
203
204
206
209
210
211
212
213
214
217
218
220
221
223
226
229
230
231
233
234
236
240
241
242
246
248
252
255
256
259
261
262
266
268
269
273
275
276
277
278
279
280
282
283
284
285
287
288
293
294
295
297
299
300
301
302
303
304
306
309
310
312
313
314
315
316
317
318
320
321
324
326
327
329
330
333
334
335
341
343
347
348
349
350
352
353
355
357
358
359
361
362
363
365
368
370
371
375
378
379
380
381
382
388
390
392
394
397
398
401
405
407
412
413
417
421
422
424
426
430
431
432
434
436
437
440
441
442
443
447
449
451
452
454
457
458
461
463
464
468
469
473
474
478
480
481
484
486
487
489
490
492
494
498
500
501
503
505
506
507
508
509
510
515
516
517
520
521
527
531
532
533
534
537
539
540
541
542
547
550
551
552
555
556
557
558
560
561
562
566
568
570
571
575
576
577
585
589
592
593
594
595
597
598
603
605
606
607
611
612
614
615
617
622
624
627
628
630
639
640
641
642
643
645
646
647
648
649
650
651
653
655
656
657
659
664
668
670
672
673
678
679
680
681
683
688
689
691
692
693
694
695
703
705
707
708
709
713
714
719
720
723
724
725
726
728
729
730
731
733
734
735
737
739
740
742
743
744
746
747
748
749
755
756
757
758
762
765
767
768
769
772
773
776
777
778
779
780
781
785
786
787
788
791
792
793
800
803
804
805
808
810
812
813
816
820
821
822
823
824
827
828
830
831
832
837
840
843
844
845
846
849
850
851
852
853
855
856
860
861
864
865
866
868
870
871
875
876
878
879
881
887
888
889
890
891
894
896
897
900
901
906
907
908
909
914
915
918
922
923
924
925
926
927
932
934
936
937
939
940
943
945
949
951
952
955
956
960
963
964
965
967
970
971
972
973
976
977
979
984
987
988
990
993
995
998
999
