750
9 16
21 28
52 89
92 95
109 119
163 170
184 205
243 250
263 264
290 340
342 345
373 393
409 410
470 472
471 512
522 554
544 582
616 620
662 796
722 797
745 838
798 815
848 862
895 996
11 27
32 45
68 102
106 115
151 154
156 196
201 244
257 387
402 403
414 416
439 448
459 462
476 482
514 618
523 525
621 671
666 687
715 736
741 752
814 818
841 847
857 874
886 930
961 983
992 994
50 53
73 100
131 138
134 232
139 237
271 305
308 319
328 377
369 384
395 411
423 445
425 453
455 456
483 538
495 545
675 702
704 717
727 771
766 801
809 859
833 913
882 933
957 989
13 978
31 33
41 81
94 116
130 135
145 148
157 158
183 189
260 286
298 322
331 346
372 389
408 415
444 491
519 526
563 572
573 584
613 626
644 654
663 676
698 706
761 795
802 826
834 836
842 854
863 873
892 904
916 938
948 954
7 985
19 125
147 152
166 174
200 228
245 253
274 291
337 351
356 374
366 383
406 427
435 438
460 475
529 535
548 567
574 610
623 625
665 682
690 696
738 764
806 858
867 880
921 944
953 974
37 62
48 66
77 96
97 103
124 127
161 164
169 173
172 227
199 239
235 251
267 289
339 354
376 466
479 493
496 502
504 518
564 580
583 586
591 596
652 658
685 712
716 754
759 770
775 811
819 835
839 877
931 950
958 959
966 997
3 968
47 56
60 72
117 129
144 219
224 272
281 332
360 367
386 391
429 465
530 546
578 581
600 602
629 710
711 760
790 817
872 883
912 919
920 928
935 991
1 38
58 59
67 83
86 120
132 159
162 207
215 216
225 247
249 258
270 336
338 344
385 433
485 488
499 536
511 608
609 631
632 634
633 637
638 661
667 669
677 699
718 721
732 782
774 794
807 825
829 869
898 911
929 962
23
29
79
84
110
114
126
128
155
180
197
198
218
220
242
261
287
295
315
417
473
489
498
547
551
558
568
589
639
646
724
726
729
733
746
762
772
780
803
837
891
963
970
65 982
14
20
39
51
88
146
150
182
188
202
212
217
248
255
276
278
288
301
302
321
330
368
382
388
405
469
481
509
556
560
562
577
607
624
655
707
740
747
776
800
868
878
890
914
925
940
943
951
955
965
995
69 70
87 118
176 186
192 238
265 292
296 396
311 400
418 420
467 477
528 543
549 553
587 590
619 635
636 660
674 684
686 701
753 763
783 789
884 885
899 905
902 910
941 942
947 969
975 980
5
6
12
24
35
82
90
91
93
104
140
149
167
229
282
297
303
314
349
350
361
365
371
412
424
430
434
451
452
458
468
480
486
505
510
540
542
552
617
630
645
649
678
680
705
730
756
757
758
769
778
793
804
831
856
865
881
888
900
924
964
973
10
22
36
49
71
99
107
168
203
209
266
293
306
390
457
463
464
500
501
508
531
533
550
595
614
615
628
642
689
713
737
861
897
901
906
908
927
937
952
987
993
54 55
80 85
98 105
153 181
191 208
222 254
307 323
325 364
399 404
419 428
446 450
497 524
513 559
565 569
579 588
599 601
604 697
700 750
751 784
799 893
903 917
946 981
986 1000
4
26
42
112
121
160
190
246
252
273
348
353
362
392
394
436
437
503
517
534
555
571
585
611
651
664
672
708
709
719
744
813
821
832
845
846
871
879
889
922
945
971
988
999
40
61
74
143
179
204
226
230
233
234
256
262
268
279
280
285
300
312
329
359
363
370
397
401
407
422
431
443
461
484
527
597
598
605
606
670
688
720
755
787
816
822
853
864
866
887
907
923
936
979
8
25
30
63
64
101
141
178
194
213
214
223
241
275
284
310
320
440
441
447
474
515
537
561
566
592
594
641
657
683
694
725
728
777
788
805
812
828
840
850
851
852
876
909
926
932
934
976
998
2
46
76
78
122
137
175
185
187
210
240
299
304
313
316
333
343
347
357
378
379
381
413
426
454
487
490
492
520
521
541
575
612
653
659
668
673
681
691
693
703
714
734
743
779
786
791
792
808
810
820
823
824
827
843
870
875
894
896
918
984
75
108
111
113
133
165
171
177
206
231
236
259
294
317
324
326
327
335
341
352
355
358
375
380
398
432
442
516
532
539
557
576
593
622
648
656
679
731
739
742
748
765
768
773
830
844
849
855
915
939
956
967
977
15
17
18
34
43
44
136
142
193
195
211
221
269
277
283
309
318
334
421
449
478
494
506
507
570
603
627
640
643
647
650
692
695
723
735
749
767
781
785
860
949
960
972
990
57
123
